2        2     
     0 0 0 0 0
      0 0 0 0  
       0 1 0
        0 0
         0
=
2        2     
   1 0 0 1 0 0 1
2        2     
   1 0 0 1 0 0 1
2        2     
=
        4
    4       4 
        4 
    4       4 
=
   4   0 4 0   4 
     0       0
   0   1  1    0
     0       0
   4   0 4 0   4 
=


     6         6

           
=
  8 8 8 8 8 8 8 8 
=
2    2    2    2
2    6    6    2 
2    0    0    2
2    4    4    2
2    2    2    2
=
  1       2     1    
  8 8 8 8 8 8 8 8 
  8 8 8 8 6 8 8 8 
  8 8 8 8 8 8 8 8 
          2         
